Blue 
A = 28.34950144824059, 77.53819495215082
B = 28.34650631815315, 77.53711509809254 
C = 28.34501542791869, 77.53972073864655
 
B1
A = 28.34914085497248, 77.53812988719359
B = 28.34851812515688, 77.53832658012224
C = 28.34914085497248, 77.53812988719359